t = 1/60;
dur = 10;
position = [784.3	6	782.9
784.3	5.996135	782.9
784.2999	5.939623	782.9
784.2999	5.931641	782.9
784.3	5.925326	782.9
784.3	5.921565	782.9
784.3	5.917642	782.9
784.3	5.913329	782.9
784.3	5.912294	782.9  
784.3	5.908807	782.9
784.2999	5.907995	782.9
784.3	5.904506	782.9
784.3	5.903723	782.9
784.3	5.900454	782.9
784.3	5.896819	782.9
784.2999	5.893653	782.9
784.3	5.892838	782.9
784.3	5.889408	782.9
784.3	5.888695	782.9
784.3	5.885683	782.9
784.3	5.884993	782.9
784.3	5.882053	782.9
784.3	5.879144	782.9
784.3	5.876278	782.9
784.3	5.875564	782.9
784.3	5.873052	782.9
784.3	5.872419	782.9
784.3	5.871829	782.9
784.3	5.869005	782.9
784.3	5.868409	782.9
784.3	5.865942	782.9
784.3	5.86326	782.9
784.3	5.860816	782.9
784.3	5.860213	782.9
784.3	5.85802	782.9
784.3	5.857393	782.9
784.2999	5.856853	782.9
784.3	5.854651	782.9
784.2999	5.854133	782.9
784.3	5.853613	782.9
784.3	5.85146	782.9
784.3	5.848918	782.9
784.3	5.84674	782.9
784.3	5.846161	782.9
784.2999	5.844123	782.9
784.3	5.843624	782.9
784.3	5.843182	782.9
784.3	5.841125	782.9
784.2999	5.840614	782.9
784.3	5.838507	782.9
784.3	5.836038	782.9
784.3	5.833779	782.9
784.3	5.833024	782.9
784.3	5.831012	782.9
784.3	5.83047	782.9
784.3	5.828314	782.9
784.3	5.827533	782.9
784.3	5.825542	782.9
784.3	5.824952	782.9
784.3	5.823313	782.9
784.3	5.822952	782.9
784.3	5.822612	782.9
784.3	5.821021	782.9
784.2999	5.820661	782.9
784.3	5.820338	782.9
784.3	5.818801	782.9
784.3	5.818444	782.9
784.3	5.818046	782.9
784.3	5.815984	782.9
784.3	5.814363	782.9
784.3	5.813989	782.9
784.3	5.812607	782.9
784.2999	5.81227	782.9
784.3	5.811902	782.9
784.3	5.810581	782.9
784.3	5.810159	782.9
784.2999	5.808784	782.9
784.3	5.807333	782.9
784.3	5.805887	782.9
784.3	5.805578	782.9
784.3	5.804197	782.9
784.3	5.803838	782.9
784.3	5.802639	782.9001
784.3	5.802318	782.9
784.3	5.80115	782.9
784.2999	5.799882	782.9
784.3	5.798714	782.9
784.3	5.798461	782.9
784.3	5.797391	782.9
784.3	5.796868	782.9
784.3	5.8008	782.9
784.3	5.802872	782.9
784.3	5.818651	782.9
784.3	5.842188	782.9
784.3	5.872224	782.9
784.3	5.880007	782.9
784.3	5.914878	782.9
784.3	5.923607	782.9
784.3	5.932813	782.9
784.3	5.979563	782.9
784.3	5.994177	782.9
784.3	6.051858	782.9
784.3	6.118521	782.9
784.3	6.201163	782.9
784.3	6.27265	782.9
784.3	6.289855	782.9
784.3	6.308907	782.9
784.2999	6.393153	782.9
784.3	6.420584	782.9
784.3	6.507	782.9
784.2999	6.60246	782.9
784.3	6.690843	782.9
784.3	6.709871	782.9
784.3	6.790235	782.9
784.3	6.808661	782.9
784.3	6.885106	782.9
784.3	6.904351	782.9
784.3	6.98999	782.9
784.3	7.068348	782.9
784.3	7.143435	782.9
784.3	7.161978	782.9
784.3	7.231007	782.9
784.3	7.24616	782.9
784.3	7.260709	782.9
784.3	7.330373	782.9
784.3	7.349082	782.9
784.3	7.418839	782.9
784.3	7.491664	782.9
784.3	7.563201	782.9
784.3	7.578057	782.9
784.3	7.646453	782.9
784.3	7.664888	782.9
784.3	7.72345	782.9
784.2999	7.737913	782.9
784.3	7.755771	782.9
784.3	7.809437	782.9
784.3	7.873426	782.9
784.3	7.931587	782.9
784.3	7.944213	782.9
784.3	7.997643	782.9
784.3	8.009282	782.9
784.3	8.021856	782.9
784.3	8.074597	782.9
784.3	8.09062	782.9
784.2999	8.150488	782.9
784.3	8.204231	782.9
784.3	8.255966	782.9
784.3	8.268109	782.9
784.3	8.314451	782.9
784.3	8.326023	782.9
784.3	8.338256	782.9
784.3	8.384575	782.9
784.3	8.3974	782.9
784.3	8.442608	782.9
784.3	8.494947	782.9
784.3	8.539972	782.9
784.3	8.55112	782.9
784.3	8.592951	782.9
784.3	8.609285	782.9
784.3	8.658406	782.9
784.3	8.668844	782.9
784.3	8.708498	782.9
784.3	8.753508	782.9
784.2999	8.795819	782.9
784.3	8.806808	782.9
784.3	8.843809	782.9
784.3	8.853628	782.9
784.3	8.889718	782.9
784.3	8.898562	782.9001
784.3	8.937733	782.9
784.3	8.972733	782.9
784.3	9.008524	782.9
784.3	9.01755	782.9
784.3	9.049112	782.9001
784.3	9.059567	782.9
784.3	9.092216	782.9
784.2999	9.100605	782.9
784.3	9.131328	782.9
784.3	9.172283	782.9
784.3	9.20469	782.9
784.3	9.213939	782.9
784.3	9.241964	782.9
784.3	9.249195	782.9
784.3	9.275791	782.9
784.3	9.285863	782.9
784.3	9.312862	782.9
784.3	9.342689	782.9
784.3	9.373992	782.9
784.3	9.381086	782.9
784.3	9.405637	782.9
784.3	9.412316	782.9
784.3	9.437094	782.9
784.3	9.443357	782.9
784.3	9.466757	782.9
784.3	9.492439	782.9
784.3	9.517711	782.9
784.3	9.523111	782.9
784.3	9.545006	782.9
784.3	9.549953	782.9
784.3	9.555809	782.9
784.3	9.580311	782.9
784.3	9.586411	782.9
784.3	9.607699	782.9
784.3	9.629972	782.9
784.3	9.653294	782.9
784.3	9.659541	782.9
784.3	9.67886	782.9
784.3	9.683986	782.9
784.3	9.702718	782.9
784.3	9.708069	782.9
784.3	9.728683	782.9
784.3	9.74826	782.9
784.3	9.767723	782.9
784.3	9.774799	782.8969
784.3	9.792425	782.8805
784.3	9.797875	782.8725
784.3	9.815592	782.8358
784.3	9.820321	782.8243
784.2999	9.836188	782.7737
784.3	9.853309	782.705
784.3	9.872101	782.6106
784.3	9.875926	782.5889
784.3	9.89061	782.4984
784.3	9.893961	782.4753
784.3	9.898487	782.4434
784.3	9.912734	782.3359
784.3	9.918325	782.2893
784.3	9.932501	782.1636
784.3	9.948795	782.0017
784.3	9.963655	781.8376
784.3	9.967554	781.7923
784.3	9.981196	781.6224
784.3	9.984857	781.5749
784.3	9.999538	781.3715
784.3	10.0031	781.3196
784.2999	10.01628	781.1184
784.2999	10.03074	780.8792
784.2999	10.04386	780.6463
784.3	10.04782	780.5719
784.3	10.059	780.3622
784.2999	10.06212	780.3038
784.3	10.06646	780.2225
784.3	10.07757	780.0141
784.2999	10.08009	779.9668
784.3	10.08287	779.9146
784.3	10.09431	779.7001
784.3	10.10749	779.453
784.3	10.11861	779.2445
784.2999	10.12109	779.1978
784.3	10.13143	779.004
784.3	10.13383	778.9589
784.3	10.14367	778.7744
784.3	10.14689	778.714
784.3	10.15751	778.5148
784.3	10.16753	778.327
784.3	10.17735	778.1429
784.3	10.18037	778.0834
784.3	10.18971	777.892
784.3	10.19357	777.8085
784.3	10.2036	777.5798
784.3	10.20609	777.52
784.3	10.21622	777.2656
784.2999	10.22486	777.0336
784.3	10.2335	776.7856
784.3	10.23537	776.7305
784.3	10.24341	776.4831
784.3	10.24553	776.415
784.3	10.25335	776.158
784.3	10.25588	776.071
784.3	10.26501	775.7473
784.3	10.27428	775.3965
784.3	10.28208	775.0856
784.3	10.28382	775.0132
784.3	10.29072	774.7203
784.3	10.29231	774.6517
784.3	10.29373	774.5886
784.3	10.30083	774.2667
784.3	10.30279	774.1762
784.3	10.31081	773.7892
784.3	10.31781	773.4364
784.3	10.32448	773.0833
784.3	10.32602	773
784.2999	10.33239	772.6458
784.3	10.33385	772.5619
784.3	10.34074	772.1592
784.2999	10.34245	772.0558
784.3	10.34924	771.6357
784.2999	10.3552	771.2508
784.3	10.36144	770.832
784.2999	10.36302	770.7241
784.3	10.36882	770.3146
784.3	10.37016	770.2179
784.3	10.37578	769.8032
784.3	10.37744	769.6774
784.3	10.38339	769.2168
784.3	10.38873	768.786
784.3	10.39451	768.304
784.3	10.39564	768.2064
784.3	10.40043	767.7893
784.3	10.40174	767.6728
784.3	10.40661	767.229
784.3	10.40803	767.0973
784.3	10.41331	766.5944
784.3	10.41801	766.1318
784.3	10.42245	765.6801
784.2999	10.42354	765.5666
784.3	10.42779	765.1183
784.2999	10.42886	765.003
784.3	10.43309	764.5382
784.3	10.43434	764.3984
784.3	10.44011	763.7347
784.3	10.44419	763.2491
784.3	10.44514	763.1324
784.3	10.44901	762.6542
784.3	10.44996	762.5344
784.3	10.45396	762.0205
784.3	10.45489	761.8997
784.3	10.45855	761.412
784.3	10.45961	761.2688
784.3	10.46365	760.709
784.3	10.46733	760.1837
784.3	10.47083	759.6708
784.2999	10.4716	759.5541
784.3	10.47558	758.9477
784.2999	10.47672	758.7709
784.3	10.48023	758.2125
784.3	10.48116	758.0622
784.3	10.48487	757.4498
784.2999	10.48823	756.8788
784.3	10.49153	756.2999
784.3	10.49233	756.1588
784.3	10.4952	755.6504
784.3	10.49588	755.5306
784.3	10.49648	755.4251
784.3	10.49936	754.9141
784.3	10.50018	754.7686
784.3	10.50346	754.1882
784.3	10.50625	753.6938
784.3	10.50931	753.1519
784.3	10.51006	753.0205
784.3	10.51265	752.5604
784.3	10.51322	752.4595
784.3	10.5158	752.0037
784.3	10.51658	751.8652
784.2999	10.51958	751.3331
784.3	10.52204	750.8978
784.3	10.52303	750.7233
784.3	10.52527	750.3257
784.3	10.52677	750.0608
784.3	10.529	749.6665
784.3	10.52998	749.4926
784.3	10.53247	749.0516
784.3	10.53538	748.5364
784.3	10.53746	748.168
784.3	10.53797	748.0771
784.3	10.54002	747.7028
